92,21,251
92,23,285
92,15,170
92,8,208
92,18,158
92,7,246
92,4,232
92,5,317
92,12,350
92,24,168
92,22,75
92,13,172
92,3,161
92,11,128
92,16,93
92,9,288
92,14,123
92,1,223
92,2,104
92,17,285
24,2,233
24,4,60
24,3,109
24,9,195
24,1,238
24,19,278
24,16,131
24,23,186
24,6,252
24,24,151
24,21,139
24,11,306
24,8,337
24,15,329
24,5,183
16,2,143
16,17,303
16,24,192
16,23,298
16,19,316
16,15,277
16,13,285
16,11,201
16,10,313
16,9,213
12,3,349
12,15,299
12,11,264
12,22,286
9,23,266
9,4,123
9,18,153
9,20,278
9,22,170
72,8,106
72,10,99
72,17,194
72,3,68
72,11,266
72,16,244
72,22,110
72,18,234
72,24,111
72,21,221
72,4,62
72,1,275
72,7,219
72,23,347
72,9,168
72,12,118
72,19,218
72,14,167
72,13,301
72,15,174
72,5,147
72,6,316
39,15,94
39,13,135
39,7,116
39,4,247
39,10,272
39,20,95
39,8,89
39,19,159
39,23,316
39,9,253
39,2,108
39,17,175
39,18,301
39,6,75
39,16,240
90,19,311
90,4,179
90,15,294
71,23,328
71,12,261
71,5,64
71,2,100
71,13,153
71,22,62
71,19,123
71,6,64
71,24,259
71,9,297
71,7,320
71,3,250
71,4,116
71,14,153
71,17,210
71,16,215
71,8,178
71,21,82
71,1,297
71,20,244
71,15,179
99,9,247
99,23,188
99,20,80
99,12,136
99,6,83
99,17,300
99,16,149
99,18,61
99,11,135
99,19,311
99,13,282
99,14,273
99,21,68
99,5,194
99,7,295
99,3,227
99,1,179
99,2,212
99,15,354
99,24,145
99,10,259
99,22,221
99,8,292
12,1,232
12,6,348
12,12,205
12,10,264
12,16,115
12,23,339
12,17,313
12,13,144
12,7,237
12,2,350
12,11,144
12,22,173
12,18,308
12,8,334
12,9,193
12,4,157
12,3,98
12,20,309
49,24,169
49,5,82
49,22,217
49,8,100
49,1,309
49,12,353
49,21,73
49,7,278
49,2,334
49,9,98
49,13,325
49,4,166
49,16,146
49,11,154
49,14,76
9,15,348
9,11,269
9,22,216
9,24,77
9,3,335
9,14,206
9,12,166
9,6,325
9,13,328
9,2,134
56,17,84
56,19,61
56,20,359
56,7,91
56,18,129
56,2,320
56,15,239
56,10,148
56,14,67
56,1,347
56,6,119
56,5,313
56,3,210
56,12,194
56,4,276
21,21,166
21,6,116
21,23,144
21,1,268
21,4,115
21,10,63
21,18,341
33,2,199
33,8,267
33,3,159
33,12,297
33,6,354
33,17,69
33,22,249
74,8,117
74,10,88
74,13,299
74,19,293
77,20,184
77,1,123
77,6,181
77,2,240
77,9,87
77,4,119
77,16,294
77,5,305
77,13,89
77,14,131
77,19,60
77,3,178
77,12,359
77,15,104
77,8,194
77,18,214
77,21,322
23,6,173
23,14,199
23,1,126
23,23,194
23,22,161
23,9,348
23,3,244
23,20,123
23,4,263
23,2,131
23,8,226
23,17,309
23,16,167
23,15,60
23,18,74
23,12,125
23,5,138
23,13,177
23,10,344
9,22,251
9,17,79
9,11,344
9,10,138
9,19,87
9,18,295
9,12,308
9,7,93
9,14,201
9,3,134
9,1,76
9,2,187
9,13,117
9,4,278
9,15,251
9,8,342
9,5,255
14,24,221
14,6,332
14,1,327
90,23,209
90,6,217
90,1,324
90,9,125
90,18,315
90,13,141
90,4,99
90,7,204
90,21,111
96,1,107
96,21,195
96,6,161
96,24,264
96,10,289
96,19,165
96,11,303
96,2,284
96,18,200
96,20,356
96,14,244
96,3,160
96,23,176
96,8,167
96,17,317
96,7,243
96,22,113
96,15,64
96,13,292
96,5,77
96,4,102
37,8,124
37,9,204
37,19,153
37,4,235
41,20,63
41,21,146
41,15,251
41,18,239
41,6,207
41,22,158
41,12,330
41,11,121
41,5,175
41,16,76
41,17,87
41,14,194
16,14,307
16,4,258
93,19,264
93,21,215
93,3,335
93,2,306
93,10,121
93,16,277
93,1,101
93,14,293
93,17,338
93,20,274
93,6,90
93,23,320
93,9,83
93,15,61
93,7,257
17,19,205
17,9,222
17,23,144
17,10,88
17,1,194
17,12,309
17,7,235
17,13,292
17,3,244
17,16,229
17,14,298
17,5,104
17,8,110
17,4,299
17,20,342
17,22,116
17,24,349
17,2,241
17,21,284
17,11,223
17,18,314
17,6,160
71,16,138
71,4,125
71,9,105
71,18,256
71,15,345
71,22,258
71,24,285
71,2,340
71,19,166
71,1,97
71,8,359
71,13,106
71,10,243
19,3,182
19,12,213
19,7,189
19,17,266
19,15,333
19,19,151
19,4,253
19,16,97
19,9,234
19,21,180
19,24,162
19,20,266
19,10,230
19,2,296
19,22,130
19,5,278
19,13,234
19,1,170
19,8,230
19,18,210
66,15,133
66,10,283
66,7,92
66,1,100
66,24,282
66,11,121
66,17,347
66,21,130
22,6,172
22,5,258
22,12,217
22,22,324
22,16,178
22,3,206
22,17,159
22,9,162
22,21,288
22,13,64
64,18,98
64,14,319
64,21,89
64,8,320
64,9,291
64,5,239
64,2,233
64,17,100
64,15,163
64,4,205
64,6,211
64,22,353
64,11,131
64,16,331
64,7,276
64,23,139
76,15,66
76,11,226
76,24,120
76,9,150
76,12,328
76,13,153
76,14,350
76,18,271
76,23,286
76,2,216
76,1,335
76,19,303
76,16,252
76,7,176
76,17,346
76,10,159
76,5,234
76,3,333
76,20,72
76,22,298
76,21,229
55,22,278
55,12,112
55,21,166
55,17,284
55,9,283
57,17,291
57,2,67
57,20,352
57,13,355
57,14,347
57,10,249
21,5,67
21,3,273
21,24,332
21,6,302
21,9,194
21,12,127
21,20,250
21,1,316
21,10,125
21,4,64
21,18,70
21,14,309
21,11,289
21,13,211
21,19,66
21,15,226
21,7,144
21,8,63
21,23,77
21,21,249
21,2,140
21,16,71
21,17,177
76,13,285
76,2,270
76,15,331
76,6,65
76,9,321
76,3,69
76,8,252
76,19,152
76,20,63
76,7,343
76,1,224
76,11,101
76,22,164
76,5,330
76,10,289
76,12,354
76,16,224
76,17,275
52,10,258
52,4,177
52,24,244
52,21,202
52,7,147
52,3,207
59,12,341
59,9,101
59,20,166
59,22,338
59,16,300
59,3,155
59,24,66
59,8,212
59,1,182
59,10,165
59,15,166
59,7,242
59,14,142
59,23,215
59,6,312
59,5,96
59,17,97
59,21,273
59,19,76
59,2,90
39,17,64
39,19,150
39,12,336
39,11,301
39,8,219
39,1,350
39,4,84
39,5,211
39,16,156
39,21,181
39,2,64
39,23,188
39,15,246
7,7,151
7,20,251
7,8,318
7,17,68
7,14,331
7,15,241
7,4,168
7,2,82
7,12,112
7,3,159
7,22,242
7,24,207
7,18,126
7,11,159
7,10,279
7,21,263
7,6,162
7,19,165
7,16,260
7,13,130
7,9,95
7,23,128
7,5,299
63,13,100
63,7,132
63,23,312
63,9,233
63,20,70
63,2,232
63,17,250
63,1,70
63,24,308
63,22,210
63,14,342
63,21,243
63,11,142
5,15,339
5,6,122
5,21,69
5,22,337
5,24,228
5,18,119
5,14,283
5,11,83
5,13,234
5,2,239
5,4,73
97,17,289
97,13,233
97,24,261
97,20,174
97,9,266
97,12,211
97,2,340
97,18,211
97,1,149
97,14,223
97,15,339
97,6,166
97,22,190
97,21,62
97,23,201
97,8,300
97,11,293
97,7,146
97,4,202
97,3,236
97,16,238
97,19,103
78,15,298
78,3,157
78,13,188
78,2,275
60,17,124
60,7,264
60,8,161
60,14,185
60,5,128
60,12,125
60,11,319
60,9,178
60,4,337
24,14,187
24,9,70
24,1,358
24,15,164
69,11,281
69,4,192
69,13,299
69,10,230
69,15,93
69,5,193
69,22,345
69,14,344
69,1,208
93,8,239
93,17,105
93,19,333
93,18,139
93,21,224
93,7,288
93,15,331
93,24,309
93,6,115
93,1,277
93,20,99
93,13,218
93,5,113
93,16,313
93,14,274
93,11,138
93,2,87
93,3,218
93,10,306
93,22,172
93,4,157
93,23,208
93,16,314
93,15,208
93,14,291
93,5,264
93,4,187
93,13,285
93,2,279
93,22,209
93,3,145
93,19,247
93,18,120
93,11,344
93,1,160
93,24,87
93,23,243
30,2,191
30,6,301
30,10,354
30,14,107
30,24,156
30,11,201
30,16,300
30,7,75
30,1,268
30,15,250
30,3,154
30,21,262
30,17,93
30,18,173
30,19,346
30,9,60
30,13,326
30,8,263
30,20,316
76,14,269
76,10,267
76,4,92
76,8,298
69,5,314
69,16,178
69,19,103
69,9,96
69,4,172
69,12,95
69,20,306
39,18,183
39,13,201
39,22,113
39,5,341
39,1,88
39,15,69
39,23,199
39,3,289
39,2,157
39,14,238
39,4,229
39,9,322
39,20,233
39,10,346
39,24,245
57,5,230
57,12,210
57,18,245
57,14,327
57,19,238
57,4,340
57,23,160
57,6,208
57,3,171
57,1,206
57,15,357
57,24,217
57,11,256
57,2,110
57,7,127
57,21,121
57,9,229
57,13,295
57,10,155
57,20,97
57,22,165
16,21,263
16,10,220
16,22,181
16,3,231
16,4,317
16,18,170
16,24,88
16,16,170
16,5,343
16,19,113
16,9,79
16,23,168
16,14,178
16,13,337
16,1,241
16,12,154
16,20,180
16,15,304
100,12,260
100,3,331
100,13,324
100,18,69
100,7,279
100,23,285
100,19,353
100,5,350
100,2,253
100,10,318
100,8,205
100,9,176
100,17,249
100,11,240
100,21,343
100,15,139
100,24,249
16,20,298
16,17,124
16,18,252
16,1,235
16,11,213
16,4,201
16,15,146
16,13,89
16,12,214
16,16,213
16,3,66
16,21,219
16,6,315
16,24,301
16,23,146
16,9,139
35,9,171
35,15,313
35,21,348
35,19,89
35,14,121
35,8,209
35,3,277
99,2,77
99,20,64
99,11,137
99,14,277
99,21,217
99,17,336
99,12,154
99,23,174
99,4,184
99,18,200
99,13,302
99,5,293
99,19,146
99,24,99
99,22,266
99,3,273
99,15,66
99,1,209
46,15,197
46,8,133
1,2,220
1,16,68
1,8,176
1,3,270
1,20,154
1,13,255
1,22,234
1,12,268
1,21,82
1,15,340
1,17,149
1,18,161
1,9,245
1,6,335
1,10,265
1,5,303
1,11,209
1,7,277
1,4,113
1,1,129
68,6,86
68,9,111
68,19,193
68,14,307
68,21,307
68,15,290
68,3,314
28,11,310
28,23,298
28,16,283
28,21,282
28,6,229
28,13,104
28,10,173
28,22,114
28,1,158
28,17,256
28,20,200
28,2,283
28,14,298
28,18,359
28,24,164
88,4,138
88,22,114
88,24,127
88,15,301
88,19,230
88,1,227
88,2,241
88,17,106
88,6,267
88,3,180
88,8,183
88,13,294
88,5,61
88,12,181
88,23,258
88,10,189
88,20,64
88,18,284
88,16,344
88,14,189
88,21,295
35,17,223
35,7,111
35,3,199
35,11,339
35,4,348
35,24,266
35,14,206
35,12,272
35,8,111
35,20,303
35,2,85
42,15,231
42,6,245
42,9,60
42,11,235
42,5,95
42,8,163
42,4,178
42,14,162
42,2,126
42,19,278
42,23,132
42,10,327
42,16,241
33,22,202
33,8,253
33,3,130
33,21,106
33,20,343
33,15,313
33,1,251
33,11,294
33,12,104
33,5,81
33,23,113
33,6,221
48,1,309
48,20,116
48,2,125
48,4,129
48,23,118
48,22,211
48,13,78
48,6,182
48,17,273
48,12,73
48,16,234
48,24,204
48,9,301
48,11,80
48,3,279
48,19,140
48,10,197
48,15,233
48,8,307
48,21,342
62,24,113
62,23,105
62,15,323
62,20,293
62,3,275
47,19,293
47,12,213
47,21,157
47,23,304
73,1,125
73,18,182
73,2,278
60,11,356
60,23,287
60,9,136
60,16,230
60,10,150
60,12,353
60,20,132
60,6,341
60,24,255
60,14,167
60,5,308
60,8,215
60,19,324
60,1,72
60,21,106
60,15,235
60,7,83
60,13,301
97,11,211
97,5,82
97,20,107
97,7,232
97,4,229
97,22,153
97,10,156
97,2,82
97,18,321
97,23,282
97,16,169
97,24,61
76,2,359
76,11,274
76,9,107
76,21,337
76,20,320
76,15,152
76,10,316
76,3,231
76,18,148
76,17,92
76,7,94
76,12,79
76,24,189
76,8,339
76,16,185
76,13,288
76,5,174
76,14,135
76,1,208
76,4,137
76,19,69
76,22,226
14,9,272
14,23,314
14,11,71
14,2,135
14,7,215
14,1,132
14,8,226
14,10,196
14,16,301
14,17,246
14,24,97
14,13,85
14,15,296
14,6,152
14,20,129
11,16,340
11,15,234
11,1,176
11,10,327
11,7,83
11,5,320
11,13,251
11,19,281
11,20,290
11,12,116
11,2,278
11,17,350
11,9,91
11,14,92
11,24,244
11,21,129
11,3,255
11,11,261
11,6,304
11,4,80
11,23,327
11,8,306
11,18,316
46,15,240
46,7,269
46,3,90
46,1,138
46,8,300
46,16,203
46,5,180
46,17,218
46,2,114
46,19,178
46,20,324
46,13,341
46,6,76
46,4,268
46,22,332
46,9,273
46,21,212
46,24,210
46,10,304
46,11,174
46,12,246
46,18,261
86,24,124
86,8,103
86,2,202
86,18,92
86,19,278
86,4,164
86,5,114
86,21,110
86,1,268
86,23,185
86,22,308
86,7,234
86,16,297
86,6,157
86,20,351
86,13,359
86,11,188
86,9,216
86,3,191
86,15,235
86,12,90
86,10,104
86,17,343
42,16,227
42,12,304
42,14,176
42,4,185
42,8,282
42,2,335
42,18,331
47,15,63
47,24,336
47,21,223
47,3,188
47,12,182
47,14,95
47,7,156
47,10,269
47,8,206
47,13,315
47,6,202
47,19,186
47,18,173
47,23,353
47,16,355
47,4,224
47,2,274
47,1,150
47,9,92
47,22,262
74,7,183
74,17,158
74,23,316
74,15,279
74,19,173
74,2,182
74,6,172
74,18,87
74,1,202
61,21,130
61,13,253
61,6,85
81,11,157
81,19,213
81,3,190
81,16,278
81,6,242
81,18,212
81,2,220
81,8,141
81,17,166
81,12,148
81,21,314
81,22,131
81,15,355
81,13,293
81,4,322
81,5,117
81,20,334
81,14,358
81,10,70
81,1,107
71,4,350
71,24,233
71,14,305
71,5,165
71,15,310
71,16,216
71,12,330
71,20,111
71,11,77
71,21,127
71,10,311
71,6,311
71,22,236
71,13,305
71,18,209
71,23,131
28,2,135
28,8,255
28,14,87
28,17,87
28,3,273
28,22,170
28,19,217
28,16,236
28,24,154
28,9,268
28,7,106
28,10,74
28,15,189
28,5,333
28,1,355
28,23,123
45,21,304
45,18,92
45,9,219
45,1,189
45,19,109
45,4,246
45,7,331
45,20,289
45,17,66
45,5,180
45,12,103
45,22,273
45,3,129
45,24,257
45,8,341
45,23,339
45,13,289
45,10,359
88,14,88
88,18,329
88,5,219
88,24,340
88,22,233
88,6,337
88,11,287
88,21,357
88,10,78
88,8,160
88,19,130
88,15,313
88,16,297
88,7,221
88,3,61
88,12,202
88,1,101
88,23,136
88,13,70
88,9,295
88,4,99
88,2,209
88,20,139
6,11,69
6,3,216
6,24,285
6,15,312
6,19,264
6,7,86
6,8,87
6,20,276
6,2,216
63,5,274
63,2,233
63,22,152
63,14,331
63,9,143
63,19,181
63,1,130
63,7,244
63,18,101
63,21,242
63,4,336
63,17,349
63,10,325
69,3,190
69,5,109
69,10,271
69,1,226
69,11,352
69,20,81
14,15,292
14,2,189
14,3,294
14,1,337
19,17,167
19,4,310
19,20,351
19,14,347
19,12,298
19,15,82
19,9,100
19,18,107
19,21,78
19,6,347
19,11,228
19,1,242
19,22,63
19,19,320
19,13,287
19,2,141
19,3,197
19,10,296
19,5,357
83,10,354
83,17,108
83,9,204
83,14,358
90,11,208
90,20,183
90,2,200
90,15,164
90,18,322
90,22,97
90,4,249
90,21,261
16,11,170
16,16,123
16,5,241
16,10,344
16,24,127
16,15,63
16,12,320
16,17,324
54,4,223
54,23,132
54,3,101
54,5,331
54,21,157
54,22,191
54,24,68
54,18,212
54,12,86
54,16,271
54,14,354
54,7,217
54,15,342
54,10,151
54,11,173
54,17,274
54,9,188
54,1,163
96,21,266
96,16,133
37,23,239
37,4,359
37,2,131
37,24,310
37,1,287
37,13,91
37,7,167
37,3,111
37,11,122
37,22,207
37,12,83
37,16,152
37,6,217
37,20,222
37,17,237
37,10,130
37,18,269
37,8,206
37,9,352
37,5,306
37,15,165
