580
580
580
580
580
580
580
580
580
193
193
193
616
616
616
616
616
616
616
616
708
708
708
708
708
708
708
708
708
265
265
265
265
265
265
245
245
245
245
808
808
808
808
808
808
133
133
133
439
439
439
439
888
888
364
364
364
364
364
364
364
364
364
805
805
805
805
805
805
805
805
619
619
619
619
76
76
76
76
76
76
76
76
76
475
475
475
475
475
475
475
280
280
280
280
280
280
280
216
216
216
216
216
473
473
473
476
476
586
586
586
586
677
677
677
5
5
5
5
5
5
5
785
785
785
785
785
785
785
741
741
741
741
741
741
354
354
354
84
84
84
84
84
84
338
338
338
338
338
96
96
96
96
96
96
96
96
414
414
414
414
395
395
395
395
395
395
151
151
151
151
831
831
831
831
406
406
595
595
595
595
595
595
608
608
608
608
608
608
608
1
1
1
1
1
1
1
234
234
234
234
234
234
379
379
379
379
379
379
379
379
379
311
311
311
311
311
311
503
503
503
481
481
481
481
481
913
913
913
913
913
913
913
913
82
82
82
82
82
82
82
82
927
927
742
742
742
742
742
742
906
906
906
906
906
906
906
906
203
203
203
203
203
203
769
769
769
769
769
769
769
769
416
416
416
416
416
416
416
416
416
916
916
916
461
461
461
461
461
461
461
134
134
134
134
238
238
238
238
875
875
875
880
880
880
149
149
849
849
649
649
649
649
649
649
163
163
163
163
163
163
163
163
163
617
617
617
617
617
617
617
617
454
454
454
454
951
951
951
951
951
951
951
951
951
96
96
96
991
991
991
991
991
467
467
467
467
934
934
934
934
407
407
407
407
407
407
407
192
192
192
582
582
582
582
582
582
601
601
601
858
858
858
392
392
392
392
392
392
392
392
392
828
828
828
453
453
220
220
220
220
220
220
240
240
240
240
240
240
966
966
966
966
966
966
966
966
966
761
761
761
761
761
761
207
207
207
207
590
590
590
590
590
590
590
590
590
605
605
605
605
605
605
605
605
605
747
747
747
747
397
397
397
397
397
397
196
196
196
196
528
528
528
528
528
528
528
95
95
95
95
95
95
894
894
674
674
674
674
674
674
464
464
963
963
963
963
963
798
798
798
798
798
798
798
578
578
578
578
578
49
49
49
129
129
129
129
217
217
217
217
704
704
704
704
704
704
704
750
750
750
750
750
750
750
750
92
92
92
92
92
92
615
615
615
614
614
705
705
705
705
705
705
705
167
167
167
167
167
609
609
609
609
715
715
715
715
715
715
990
990
990
990
990
166
166
166
166
635
635
635
635
635
363
363
363
548
548
548
548
548
548
548
548
69
69
368
368
368
368
368
368
368
368
368
502
502
502
502
502
502
502
502
830
830
830
830
830
830
388
388
388
388
388
388
388
388
388
334
334
334
334
334
268
268
268
268
268
268
268
268
268
349
349
349
349
349
349
349
546
546
546
546
576
576
576
214
214
214
214
214
214
214
237
237
237
609
609
469
469
350
350
350
350
350
350
961
961
961
961
575
575
575
575
575
575
575
575
575
394
394
394
717
717
717
717
717
717
892
892
877
877
877
877
162
162
162
162
805
805
805
774
774
774
466
466
466
466
466
466
466
326
326
326
326
326
326
775
775
775
775
775
775
775
25
25
25
25
25
25
25
25
25
901
901
901
901
901
901
239
239
239
239
239
239
239
239
531
531
323
323
323
992
992
441
441
526
526
526
526
526
375
375
375
375
375
223
223
223
223
223
897
897
897
897
897
897
897
897
897
715
715
715
715
526
526
526
528
528
14
14
14
14
14
14
14
14
14
375
375
31
31
31
31
31
31
31
692
692
692
692
692
692
663
663
663
663
996
996
996
996
996
996
108
108
108
108
108
424
424
424
424
424
748
748
748
128
128
128
128
128
128
128
128
982
982
982
982
982
982
982
982
720
720
720
857
857
857
857
857
857
888
888
888
888
888
888
888
888
888
253
253
253
424
424
424
424
424
424
424
225
225
225
225
225
41
41
41
41
41
41
41
782
782
782
782
782
782
782
782
782
701
701
884
884
653
653
653
653
788
788
788
788
788
788
788
788
365
365
365
248
248
494
494
494
494
494
494
494
1000
1000
1000
1000
1000
1000
1000
1000
623
623
623
623
28
28
28
28
28
28
83
83
83
83
83
83
83
83
83
9
9
9
9
9
9
9
9
12
12
735
735
735
735
858
858
858
858
858
858
858
149
149
287
287
287
287
287
467
467
467
467
467
4
4
4
4
4
417
417
417
417
650
650
650
167
167
167
167
234
234
534
534
534
534
534
534
534
915
915
915
915
915
915
149
149
149
139
139
139
139
139
915
915
915
915
915
915
915
588
588
588
588
588
588
919
919
919
919
919
919
919
162
162
858
858
858
858
858
858
858
858
858
824
824
824
824
824
824
824
824
824
766
766
12
12
12
12
412
412
412
50
50
362
362
362
362
362
362
362
430
430
635
635
635
635
635
635
635
949
949
949
949
511
511
511
100
100
100
100
100
613
613
613
613
613
613
613
613
613
202
202
202
202
202
202
202
202
220
220
220
220
921
921
921
921
921
921
921
921
570
570
570
570
570
884
884
884
884
884
884
884
864
864
278
278
425
425
425
425
425
425
425
425
319
319
319
319
918
918
918
918
918
899
899
311
311
311
311
311
311
311
903
903
903
903
903
903
903
903
903
632
632
632
632
75
75
75
75
75
338
338
338
338
338
338
338
338
298
298
298
298
298
310
310
310
310
310
205
205
205
205
205
205
205
205
139
139
139
139
139
532
532
532
532
532
422
422
439
439
439
431
431
431
431
431
431
627
627
91
91
91
91
91
91
998
998
998
998
998
796
796
796
796
796
756
756
756
756
756
756
756
633
633
633
633
633
633
633
633
633
275
275
275
275
275
275
148
148
148
148
148
148
148
148
402
402
402
402
402
402
777
777
777
777
777
777
277
277
277
277
277
277
277
277
890
890
890
915
915
915
915
915
915
915
524
524
524
524
142
142
142
142
142
142
142
142
142
235
235
235
235
235
235
235
931
931
931
931
405
405
405
405
405
405
816
816
816
816
107
107
107
170
170
170
170
170
170
170
170
170
746
746
746
746
746
934
934
934
934
934
934
934
551
551
551
551
551
551
551
798
798
798
798
865
865
865
865
865
865
865
395
395
224
224
224
224
224
224
435
435
610
610
610
610
610
610
610
92
92
92
92
92
92
92
424
424
424
783
783
783
783
783
783
783
783
783
146
146
141
141
141
141
141
141
141
141
141
242
242
242
242
242
242
242
242
596
596
596
596
596
596
596
596
596
177
177
883
883
883
883
883
455
455
455
455
455
455
765
765
765
765
765
42
42
42
42
42
502
502
502
502
502
502
207
207
207
207
207
207
207
207
207
128
128
128
649
649
649
649
649
649
649
649
649
80
80
80
80
526
526
526
526
526
526
526
723
723
723
723
32
32
32
939
939
939
939
939
939
939
939
939
803
803
803
803
803
803
803
606
606
606
245
245
245
245
245
245
506
506
506
506
506
311
311
311
311
311
311
311
311
311
484
484
484
484
484
484
861
861
861
861
861
861
861
861
527
527
527
527
589
589
849
849
849
849
849
849
849
496
496
496
496
496
153
153
153
142
142
142
142
142
142
769
769
769
769
769
769
769
769
769
859
859
218
218
218
218
218
300
300
300
300
300
300
300
300
572
572
572
572
572
572
290
290
290
290
290
290
290
290
581
581
581
581
581
581
581
621
621
621
621
621
621
303
303
668
668
668
668
964
964
964
964
667
667
667
667
667
667
667
667
667
644
644
644
644
644
644
460
460
460
460
460
427
427
158
158
158
857
857
857
857
857
857
857
214
214
214
214
214
99
99
99
99
99
99
99
99
99
50
50
50
50
50
50
50
50
50
160
160
160
160
160
160
160
160
160
490
490
490
490
490
490
490
490
490
455
455
455
455
51
51
638
638
264
264
29
29
29
29
29
463
463
463
463
463
904
904
904
904
904
904
904
904
459
459
459
459
459
459
459
736
736
736
736
736
736
736
736
736
491
491
491
491
314
314
314
728
728
728
728
728
728
728
728
728
396
396
396
396
396
396
396
396
396
619
619
783
783
759
759
759
759
759
759
759
533
533
533
653
653
653
653
653
653
653
951
951
951
951
951
951
951
686
686
686
933
933
933
933
495
495
79
79
79
79
79
581
581
581
581
581
581
915
915
229
229
647
647
647
647
647
647
647
733
733
733
472
472
472
472
472
927
927
753
753
753
753
753
753
48
48
48
680
680
680
680
8
8
8
8
8
8
8
8
8
820
820
820
820
820
820
820
820
820
593
593
345
345
345
345
345
345
345
642
642
652
652
652
652
652
637
637
637
637
637
637
637
617
617
617
617
617
566
566
566
566
566
566
566
566
88
88
88
88
312
312
312
312
688
688
688
688
688
688
688
688
518
518
518
518
518
514
514
514
514
514
514
514
514
713
713
713
354
354
354
354
354
354
815
815
815
815
857
857
857
857
857
857
857
857
836
836
836
836
836
836
836
836
836
323
323
323
323
323
323
290
290
290
290
290
290
290
290
647
647
647
647
647
647
647
780
780
780
780
780
780
780
780
238
238
238
374
374
381
381
381
381
381
381
376
376
376
376
376
376
376
967
967
967
967
967
967
967
602
602
602
602
602
602
602
602
602
54
54
54
54
54
54
54
54
903
903
903
903
903
903
903
943
943
943
943
943
943
943
55
55
55
55
55
55
55
55
55
773
773
773
773
773
773
773
773
773
120
120
120
120
120
120
120
120
913
913
500
500
581
581
581
581
581
581
581
581
491
491
491
577
577
577
577
577
577
577
826
826
826
826
826
826
826
878
878
878
878
878
878
878
878
474
474
636
636
636
636
734
734
734
734
734
734
564
564
564
564
564
564
564
564
564
606
606
606
606
606
606
368
368
368
417
417
417
417
417
417
417
671
671
675
675
675
675
675
712
712
712
712
712
802
802
802
802
802
802
785
785
785
785
785
785
785
153
153
153
153
153
153
153
153
765
765
765
765
765
765
50
50
50
50
50
50
50
50
50
11
11
11
11
11
11
143
143
143
201
201
245
245
245
245
329
329
329
329
329
329
114
114
114
114
114
114
114
762
762
923
923
923
923
923
923
923
923
271
271
271
271
683
683
683
683
683
70
70
70
70
70
70
493
493
493
493
493
493
493
493
493
251
251
251
251
251
251
251
251
251
872
872
872
872
872
872
872
872
30
30
30
30
30
30
30
30
220
220
497
497
497
497
497
497
497
834
834
201
201
201
201
201
201
201
915
915
915
915
915
915
915
915
136
136
136
136
136
104
104
104
104
104
104
104
703
703
703
925
925
925
289
289
289
289
949
949
949
949
949
935
935
935
935
935
935
935
370
370
370
370
370
370
493
493
493
493
493
493
493
632
632
996
996
761
761
761
761
761
761
608
608
608
608
608
608
608
608
586
586
450
450
569
569
569
569
569
569
776
776
776
776
776
776
776
729
729
729
729
729
729
729
729
729
298
298
298
298
298
298
298
298
600
600
600
600
600
600
600
73
73
73
73
73
73
73
365
365
365
365
191
191
191
191
312
312
837
837
495
495
495
39
39
39
39
894
894
894
894
894
894
683
683
683
683
683
683
683
683
683
938
938
938
938
938
938
938
938
938
822
822
822
822
822
822
822
444
444
835
835
835
835
835
835
835
835
835
786
786
786
786
569
569
569
665
665
665
665
665
868
868
868
868
868
942
942
942
942
519
519
519
519
531
531
531
531
531
531
531
715
715
715
715
715
715
715
715
715
678
678
678
678
678
647
647
647
647
647
647
647
614
614
502
502
137
137
600
600
600
600
600
600
64
64
64
64
64
64
64
64
357
357
357
357
357
457
457
457
412
412
412
669
669
669
393
393
393
393
393
393
393
393
393
665
665
665
824
824
824
824
824
824
824
65
65
65
65
65
35
35
35
35
35
35
35
677
677
677
677
677
677
884
884
884
884
178
178
178
693
693
551
551
551
551
727
727
727
727
727
727
727
301
301
301
585
585
585
585
585
585
585
585
585
199
199
199
199
199
199
199
199
147
147
147
147
147
469
469
469
469
469
59
59
632
632
632
632
632
632
632
91
91
91
91
91
91
91
91
415
415
415
415
415
415
415
415
415
427
427
427
476
476
476
369
369
369
369
369
369
369
369
984
984
984
984
984
984
984
984
984
770
770
770
770
770
770
770
770
66
66
66
66
66
66
66
204
204
204
204
204
204
204
358
358
129
129
129
129
129
129
405
405
405
405
405
405
210
210
210
210
210
210
210
210
212
212
212
212
212
212
175
175
175
175
175
175
175
175
976
976
487
487
487
487
487
487
487
487
487
642
642
755
755
755
613
613
613
613
613
613
613
613
151
151
151
151
151
625
625
625
388
388
388
388
935
935
759
759
759
759
759
759
230
230
230
230
230
230
230
230
708
708
708
708
708
708
708
708
708
193
193
193
193
193
193
193
193
254
254
254
169
169
169
169
169
169
862
862
862
862
862
862
28
28
28
28
28
519
519
519
519
519
519
519
519
519
230
230
230
230
230
230
230
230
527
527
527
527
527
527
527
527
781
781
781
781
781
781
781
500
500
615
615
615
615
615
519
519
519
519
519
519
519
519
13
13
13
13
13
13
13
13
13
34
34
34
34
34
516
516
516
516
516
516
516
516
192
192
192
192
192
192
192
192
455
455
455
455
455
455
586
586
586
586
586
586
586
586
522
522
522
522
440
440
440
440
440
589
589
589
589
589
589
589
589
589
299
299
299
299
299
299
299
105
105
105
105
105
105
105
105
105
296
296
296
296
296
296
296
296
296
846
846
846
846
846
846
846
962
962
962
962
962
962
962
61
61
786
786
786
786
23
23
23
23
938
938
938
938
938
938
938
938
750
750
750
750
756
756
756
756
756
756
756
901
901
901
901
901
901
772
772
772
702
702
702
702
120
120
120
120
120
120
119
119
119
471
471
281
281
281
3
3
3
3
3
3
3
3
3
581
581
581
581
585
585
585
585
65
65
65
65
910
910
910
910
910
910
777
777
777
777
777
777
777
777
358
358
358
358
8
8
8
8
8
8
8
8
975
975
153
153
758
758
758
758
758
758
758
758
758
49
49
49
49
49
49
49
874
874
972
972
972
972
972
972
972
972
484
484
484
484
484
484
484
484
250
250
250
250
250
250
250
913
913
913
913
913
308
308
308
308
308
308
85
85
85
85
85
85
367
367
560
560
560
560
560
560
560
560
560
496
496
496
496
496
496
496
742
742
742
742
366
366
366
366
366
366
366
366
447
447
447
140
140
140
637
637
954
954
954
954
954
954
954
444
444
444
444
444
444
388
388
519
519
519
519
519
519
519
762
762
762
762
762
762
762
762
591
591
591
591
591
591
816
816
816
816
816
816
816
816
816
849
849
469
469
469
734
734
734
734
563
563
563
563
563
563
563
563
981
981
981
981
981
981
981
712
712
712
712
712
954
954
954
954
954
30
30
30
30
106
106
494
494
494
494
494
494
494
593
593
86
86
86
86
86
86
86
86
86
848
848
848
848
848
848
655
655
655
655
655
136
136
692
692
692
692
692
692
692
428
428
428
428
428
428
428
428
428
858
858
858
858
858
858
249
249
944
944
944
944
944
944
944
791
791
791
791
791
558
558
558
217
217
217
217
693
693
805
805
805
805
805
805
805
805
31
31
31
31
31
31
31
31
381
381
381
381
381
381
381
381
983
983
983
983
384
384
384
27
27
27
27
27
27
27
27
407
407
866
866
866
866
866
866
866
374
374
374
374
374
374
374
820
820
820
820
820
250
250
250
250
987
987
276
276
276
276
276
276
276
615
615
615
615
615
591
591
591
591
591
591
591
591
591
725
725
725
725
725
725
725
725
725
668
668
668
668
668
668
668
668
751
751
542
542
531
531
531
531
531
531
531
285
285
285
285
285
951
951
951
951
951
951
951
951
719
719
719
719
719
719
719
454
454
866
866
866
866
866
866
866
426
426
426
426
426
262
262
262
348
348
348
348
348
348
348
348
743
743
743
743
373
373
373
373
373
240
240
240
240
240
240
979
979
979
979
979
979
979
979
83
83
83
83
83
83
83
83
83
6
6
6
6
6
6
6
6
6
560
560
560
560
560
560
560
560
560
218
218
218
218
218
218
218
218
988
988
988
58
58
58
680
680
680
680
680
680
680
680
680
786
786
786
727
727
727
911
911
911
911
911
423
423
423
423
423
423
50
50
50
730
730
730
730
730
730
730
178
178
178
178
178
178
178
683
683
155
155
155
155
988
988
988
988
988
988
988
988
429
429
429
429
429
429
429
628
628
628
628
628
628
628
490
490
490
524
524
524
524
524
524
524
524
830
830
316
316
316
63
63
63
63
85
85
85
85
85
85
85
85
372
372
598
598
613
613
613
613
613
613
613
613
496
496
831
831
831
831
831
831
411
411
411
1
1
1
1
1
1
1
1
121
121
121
121
121
121
106
106
106
106
106
707
707
707
707
707
707
707
629
629
661
661
661
661
661
661
661
661
661
111
111
111
111
111
111
111
111
984
984
984
984
984
984
294
294
294
359
359
359
359
359
359
913
913
913
913
913
602
602
602
602
602
602
602
602
923
923
923
923
923
259
259
259
259
259
259
259
259
259
694
694
694
744
744
744
744
744
744
744
4
4
870
870
870
870
870
629
629
629
629
629
629
629
461
461
540
540
540
540
540
540
540
275
275
275
275
275
275
275
665
665
665
665
665
665
873
873
873
873
521
521
521
427
427
427
427
427
894
894
894
894
894
894
794
794
794
794
794
794
794
794
357
357
357
498
498
498
498
498
498
512
512
512
512
857
857
857
857
857
161
161
161
161
161
569
569
569
569
569
569
569
122
122
122
700
700
700
700
863
863
863
863
863
863
863
863
863
911
911
911
344
344
344
344
344
344
344
344
245
245
245
245
245
245
245
602
602
125
125
125
125
125
148
148
148
148
148
148
762
762
762
992
992
992
992
992
992
992
992
952
952
164
164
928
928
928
928
928
928
928
97
97
97
97
97
97
97
173
173
173
173
173
173
173
274
274
274
274
274
274
274
274
755
755
755
755
755
907
907
907
907
907
907
907
377
377
377
377
377
377
377
377
410
410
888
888
888
888
888
888
888
888
491
491
187
187
187
187
187
187
187
187
187
719
719
719
719
40
40
913
913
913
913
892
892
892
892
597
597
597
597
597
725
725
474
474
474
474
474
674
674
674
674
674
959
959
959
959
959
959
959
830
830
830
830
919
919
919
919
392
392
359
359
359
39
39
39
39
39
39
39
39
39
245
245
245
245
245
245
281
281
281
281
281
281
281
281
349
349
349
349
349
349
672
672
672
140
140
140
140
140
211
211
211
860
860
860
860
860
860
860
860
790
790
790
790
790
790
790
790
790
558
558
558
558
558
558
36
36
36
36
36
36
36
209
209
209
209
451
451
451
451
451
451
451
451
614
614
614
614
614
614
614
614
614
321
321
321
321
321
321
925
925
495
495
495
495
495
495
124
124
124
124
877
877
877
877
877
877
877
877
639
639
639
639
639
639
639
668
668
215
215
215
179
179
179
179
179
179
179
179
251
251
370
370
932
932
932
932
932
932
932
932
921
921
921
921
921
194
194
194
194
194
194
194
194
194
141
141
141
141
141
141
141
141
141
102
102
102
832
832
832
832
832
833
833
355
355
452
452
452
452
452
452
452
452
452
188
188
188
188
188
188
188
188
89
89
89
89
89
89
89
89
370
370
370
370
370
399
399
805
805
608
608
400
400
400
662
662
662
217
217
217
217
217
217
217
506
506
506
506
506
506
573
573
145
145
145
145
159
159
221
221
20
20
20
20
20
20
887
887
887
887
887
472
472
313
313
313
313
240
240
240
240
216
216
216
216
216
730
730
730
730
730
533
533
533
533
533
550
550
550
104
104
648
648
744
744
744
744
744
744
744
372
372
372
372
372
372
372
270
270
270
270
270
270
270
270
270
607
607
607
607
607
541
541
541
541
541
541
495
495
495
495
277
277
277
277
569
569
171
171
171
365
365
365
365
365
365
309
309
309
309
309
309
270
270
270
270
270
270
270
683
683
683
683
561
561
561
561
561
561
561
561
601
601
601
653
653
653
653
653
653
653
653
101
101
101
101
101
101
379
379
379
379
247
247
247
247
247
99
99
567
567
567
81
81
81
81
81
484
484
484
484
484
484
484
484
884
884
884
872
872
872
872
872
872
872
872
558
558
90
90
90
90
90
90
767
767
767
767
767
767
767
767
767
917
917
917
862
862
862
862
106
106
106
106
106
106
227
227
227
227
283
283
283
283
712
712
712
712
712
712
261
261
261
261
261
261
458
458
458
458
458
458
458
569
569
569
569
569
569
931
931
931
931
931
931
931
931
931
958
958
958
958
958
698
698
180
180
180
180
180
180
136
136
136
136
136
136
136
136
136
885
885
885
885
885
885
885
885
600
600
600
600
600
600
600
600
850
850
850
951
951
951
731
731
731
731
731
16
16
16
16
16
16
16
16
16
905
905
570
570
570
570
570
570
570
570
773
773
773
773
773
773
773
773
62
62
62
62
62
62
62
62
62
20
20
20
20
20
20
20
20
20
877
877
877
877
877
877
668
668
668
668
668
668
668
426
426
426
426
426
426
50
50
50
50
50
687
687
687
687
687
687
687
778
778
778
778
778
778
778
778
778
93
93
93
93
93
192
192
192
942
942
942
942
942
204
204
204
204
204
204
204
599
599
599
599
599
599
599
599
296
296
296
296
296
296
296
296
296
974
974
974
974
974
974
974
651
651
651
651
651
431
431
431
56
56
936
936
936
936
936
936
936
936
936
918
918
918
918
918
918
507
507
507
507
507
507
507
807
807
807
807
807
807
376
376
376
376
376
376
376
376
376
791
791
791
791
791
791
791
791
791
360
360
360
360
360
360
364
364
364
364
364
364
364
364
364
848
848
848
53
53
53
53
53
53
53
53
580
580
580
403
403
403
403
403
605
605
605
605
605
605
605
605
139
139
139
139
139
139
139
783
783
783
783
783
783
783
156
156
156
641
641
818
818
818
818
818
818
818
818
706
706
706
706
706
706
706
126
126
202
202
202
202
202
202
202
158
158
158
158
158
158
158
158
219
219
219
219
219
219
550
550
550
550
550
550
550
550
243
243
243
243
243
243
243
243
243
277
277
277
277
277
668
668
668
668
668
668
724
724
724
724
724
724
724
615
615
615
615
615
615
615
615
116
116
116
890
890
890
35
35
35
35
35
35
619
619
619
619
619
619
619
619
619
122
122
122
122
122
122
137
137
137
137
490
490
490
490
490
490
490
668
668
668
668
668
668
668
668
668
768
768
768
768
383
383
383
383
383
980
980
559
559
559
559
559
340
340
340
340
340
340
340
340
719
719
719
719
719
719
719
605
605
916
916
916
916
916
685
685
685
685
513
513
907
907
319
319
319
319
319
319
319
223
223
223
223
223
970
970
970
970
970
970
30
30
30
447
447
447
447
447
447
447
447
447
993
993
993
993
993
993
494
494
494
494
860
860
860
860
860
860
860
860
482
482
482
482
482
482
482
482
872
872
872
872
872
872
429
429
429
429
789
789
789
789
789
789
789
789
758
758
758
758
758
758
758
758
758
146
146
146
146
146
146
146
146
111
111
111
111
111
111
111
385
385
385
385
259
259
259
259
259
699
699
699
96
96
96
96
96
96
958
958
724
724
724
724
724
724
724
724
459
459
459
459
459
459
459
934
934
934
934
934
934
934
934
657
657
657
657
657
657
657
657
466
466
466
297
297
297
297
297
297
297
297
124
124
124
124
124
124
137
137
137
137
137
137
137
354
354
354
354
354
354
354
579
579
579
579
435
435
435
435
335
335
335
335
335
827
827
827
827
827
827
827
827
858
858
858
108
108
108
108
108
108
108
108
458
458
458
458
458
458
458
444
444
473
473
473
473
473
379
379
379
379
557
557
557
557
557
557
557
259
259
259
259
259
259
259
259
259
825
825
825
247
247
272
272
272
272
272
272
478
478
478
122
122
122
122
122
122
122
122
206
206
206
206
206
206
206
175
175
175
175
267
267
267
267
57
57
57
57
57
740
740
740
329
329
329
329
194
194
445
445
445
42
42
42
42
42
42
753
753
753
753
858
858
858
858
858
97
97
97
857
857
857
857
857
857
705
705
705
705
282
282
282
282
282
529
529
529
529
529
529
529
529